Case #1: possible cost: 0
0: size 1
1
Case #2: possible cost: 1 2
1: size 1
12
2: size 1
21
Case #3: possible cost: 2 3 4 5
2: size 1
123
3: size 2
132
213
4: size 2
312
321
5: size 1
231
Case #4: possible cost: 3 4 5 6 7 8 9
3: size 1
1234
4: size 3
1243
1324
2134
5: size 5
1423
1432
2143
3124
3214
6: size 6
1342
2314
4123
4132
4213
4321
7: size 5
2413
3142
3412
3421
4231
8: size 3
2341
3241
4312
9: size 1
2431
Case #5: possible cost: 4 5 6 7 8 9 10 11 12 13 14
4: size 1
12345
5: size 4
12354
12435
13245
21345
6: size 9
12534
12543
13254
14235
14325
21354
21435
31245
32145
7: size 15
12453
13425
15234
15243
15324
15432
21534
21543
23145
31254
32154
41235
41325
42135
43215
8: size 20
13524
14253
14523
14532
15342
21453
23154
24135
31425
34125
34215
42315
51234
51243
51324
51432
52134
52143
53214
54321
9: size 22
13452
14352
15423
23415
25134
25143
31524
32415
35124
35214
41253
41523
41532
42153
43125
45132
45213
45321
51342
52314
53421
54231
10: size 20
13542
23514
24153
24315
31452
32514
34512
34521
35142
41352
42513
43521
45231
51423
52341
53124
53241
54123
54132
54213
11: size 15
23451
25314
25413
31542
34152
34251
35412
35421
42351
43152
43251
43512
45123
52413
52431
12: size 9
23541
24351
24513
32541
35241
42531
53142
53412
54312
13: size 4
25341
25431
32451
45312
14: size 1
24531
Case #6: possible cost: 5 6 7 8 9 10 11 12 13 14 15 16 17 18 19 20
5: size 1
123456
6: size 5
123465
123546
124356
132456
213456
7: size 14
123645
123654
124365
125346
125436
132465
132546
142356
143256
213465
213546
214356
312456
321456
8: size 29
123564
124536
126345
126354
126435
126543
132645
132654
134256
142365
143265
152346
152436
153246
154326
213645
213654
214365
215346
215436
231456
312465
312546
321465
321546
412356
413256
421356
432156
9: size 49
124635
125364
125634
125643
126453
132564
134265
135246
142536
145236
145326
153426
162345
162354
162435
162543
163245
163254
164325
165432
213564
214536
216345
216354
216435
216543
231465
231546
241356
312645
312654
314256
321645
321654
341256
342156
412365
413265
421365
423156
432165
512346
512436
513246
514326
521346
521436
532146
543216
10: size 71
124563
125463
126534
134526
136245
136254
142635
143526
146235
146325
152364
152634
152643
153264
154236
156243
156324
156432
162453
163425
164532
165342
214635
215364
215634
215643
216453
231645
231654
234156
241365
251346
251436
312564
314265
315246
321564
324156
341265
342165
351246
352146
412536
415236
415326
421536
423165
431256
451326
452136
453216
513426
523146
534216
542316
612345
612354
612435
612543
613245
613254
614325
615432
621345
621354
621435
621543
632145
632154
643215
654321
11: size 90
124653
134625
135264
135426
142563
143625
145623
145632
146253
152463
153624
154632
156342
162534
163452
164235
164352
165234
165243
165324
214563
215463
216534
231564
234165
235146
241536
243156
261345
261354
261435
261543
314526
316245
316254
324165
325146
345126
345216
351426
361245
361254
362145
362154
412635
413526
416235
416325
421635
425136
431265
435216
452316
461325
462135
463215
512364
512634
512643
513264
514236
516243
516324
516432
521364
521634
521643
523416
531246
532164
532416
541236
541326
542136
561432
562143
563214
564321
612453
613425
614532
615342
621453
623145
623154
634215
642315
645321
653421
654231
12: size 101
134562
136425
136524
142653
145263
145362
146523
146532
153462
154263
154362
154623
156234
163524
163542
214653
234516
236145
236154
241635
243165
251364
251634
251643
253146
254136
261453
314625
315264
315426
326145
326154
341526
342516
346125
346215
351264
352164
354126
354216
361425
412563
413625
415623
415632
416253
421563
423516
426135
431526
432516
435126
436215
451236
456132
456213
456321
461532
462153
462315
512463
513624
514632
516342
521463
523164
524136
524316
526143
536214
546321
561342
562314
563421
564231
612534
613452
614235
614352
615234
615243
615324
621534
623415
631245
631254
632415
634521
641235
641325
642135
643521
645231
651243
651324
651432
652134
652143
652341
653214
653241
13: size 101
134652
135462
135624
143652
146352
153642
164253
164523
165423
234615
235164
235416
241563
243516
245136
251463
261534
263145
263154
264135
265143
314562
316425
316524
325164
325416
341625
342615
345612
345621
351624
352416
356142
361452
364125
364215
365124
365214
412653
415263
415362
416523
416532
421653
423615
425316
426153
431625
432615
436125
451632
452163
452613
453621
456231
461235
461352
465132
465213
465321
513462
514263
514362
514623
516234
523614
531264
531426
532614
534126
534621
541623
541632
542163
543126
543621
546132
546213
546231
561234
561243
561324
562134
562341
563241
613524
613542
623451
624135
624315
625134
625143
634251
635214
635421
641253
642351
643251
651342
652314
652431
14: size 90
136452
136542
143562
156423
234561
236415
236514
241653
243615
246135
253164
253416
254316
256134
256143
264153
314652
315462
315624
324516
326415
345261
346152
346512
346521
351462
354612
354621
356124
356214
361524
361542
362415
362514
365142
413652
416352
425163
426315
426513
431562
435612
436152
436521
451263
451362
451623
452361
453126
453261
462513
463521
465231
513642
523461
524163
526134
526314
534261
536421
541263
541362
542361
542613
543261
562431
614253
614523
615423
623514
623541
624351
631425
631524
632514
632541
634125
635124
635241
641523
641532
642153
642531
643125
645132
645213
651234
654123
654132
654213
15: size 71
135642
234651
235461
235614
243561
245163
245316
254163
263415
263514
264315
265134
265413
316452
316542
324615
325614
341652
342651
345162
346251
351642
352614
354162
354261
364512
364521
365412
365421
413562
423651
425613
431652
435162
435621
436251
436512
452631
461253
461523
462351
463125
463251
516423
523641
524361
526413
531462
531624
532641
534612
536124
536142
536241
542631
543162
543612
561423
563124
564123
564132
564213
624153
625314
625341
625431
632451
641352
642513
645123
652413
16: size 49
236451
236541
243651
246153
246315
253461
253614
254361
256314
256413
264513
315642
326514
326541
341562
342561
352641
356412
356421
364152
364251
365241
423561
426351
432561
435261
453162
453612
456123
462531
526341
526431
532461
546123
562413
624513
624531
625413
631452
631542
634152
634512
635142
635412
643152
643512
651423
653124
654312
17: size 29
235641
245361
245613
254613
263451
263541
264351
265314
265431
325641
326451
356241
362451
362541
425361
425631
432651
463152
463512
465123
524613
524631
531642
534162
536412
563142
563412
564312
645312
18: size 14
246351
246513
253641
256341
256431
264531
324561
325461
352461
426531
456312
546312
653142
653412
19: size 5
245631
254631
265341
324651
465312
20: size 1
246531
